{
  "advancedEditorSelectedIdentifier" : "ProjectBrowser",
  "openSceneRelativePaths" : [
    "Ground\/Ground.usda"
  ],
  "recentIdentifiers" : {
    "AC3EA5A0-F06C-4A0F-99B4-05AEF069D93D" : [

    ]
  },
  "sceneCameraHistory" : {
    "AC3EA5A0-F06C-4A0F-99B4-05AEF069D93D" : [
      {
        "date" : 792785171.990805,
        "title" : "Untitled",
        "transform" : [
          0.66689247,
          9.966981e-08,
          0.7451537,
          0,
          0.43037888,
          0.81634074,
          -0.38517764,
          0,
          -0.6082995,
          0.57757044,
          0.54441154,
          0,
          -23.07435,
          15.012134,
          24.76114,
          1
        ]
      },
      {
        "date" : 792785159.830815,
        "title" : "Untitled",
        "transform" : [
          0.9929753,
          8.923147e-08,
          -0.118321426,
          0,
          -0.11010249,
          0.3661977,
          -0.92400026,
          0,
          0.04332896,
          0.930537,
          0.3636254,
          0,
          5.7579193,
          33.057365,
          27.386726,
          1
        ]
      },
      {
        "date" : 792785156.835019,
        "title" : "Untitled",
        "transform" : [
          0.9920463,
          8.922849e-08,
          -0.12587304,
          0,
          -0.11955461,
          0.31284854,
          -0.9422486,
          0,
          0.03937912,
          0.949803,
          0.31036037,
          0,
          5.721218,
          34.363503,
          25.654024,
          1
        ]
      },
      {
        "date" : 792785074.515948,
        "title" : "Untitled",
        "transform" : [
          0.9897014,
          8.963429e-08,
          -0.1431474,
          0,
          -0.13111845,
          0.40125158,
          -0.9065346,
          0,
          0.057438046,
          0.9159678,
          0.39711937,
          0,
          6.5254135,
          32.128677,
          28.521828,
          1
        ]
      },
      {
        "date" : 792785055.671385,
        "title" : "Untitled",
        "transform" : [
          0.99696356,
          8.4570665e-08,
          -0.07786947,
          0,
          -0.022236247,
          0.95836174,
          -0.28468987,
          0,
          0.07462709,
          0.28555688,
          0.9554518,
          0,
          9.367792,
          16.221087,
          85.34659,
          1
        ]
      },
      {
        "date" : 792785040.947039,
        "title" : "Untitled",
        "transform" : [
          0.97376865,
          8.30509e-08,
          -0.22754021,
          0,
          -0.17584002,
          0.63466626,
          -0.75251514,
          0,
          0.14441203,
          0.7727863,
          0.6180182,
          0,
          16.732773,
          59.33442,
          63.16658,
          1
        ]
      },
      {
        "date" : 792785032.199254,
        "title" : "Untitled",
        "transform" : [
          0.96681094,
          7.4661344e-08,
          -0.25549293,
          0,
          -0.12960322,
          0.8617889,
          -0.49043134,
          0,
          0.22018094,
          0.50726706,
          0.833187,
          0,
          22.40198,
          36.902145,
          78.40384,
          1
        ]
      },
      {
        "date" : 792785030.807219,
        "title" : "Untitled",
        "transform" : [
          0.96681094,
          7.556242e-08,
          -0.25549293,
          0,
          -0.12991802,
          0.86106247,
          -0.4916226,
          0,
          0.21999533,
          0.5084992,
          0.8324846,
          0,
          22.374916,
          36.829865,
          78.27087,
          1
        ]
      },
      {
        "date" : 792785020.360543,
        "title" : "Untitled",
        "transform" : [
          0.96681094,
          7.2799125e-08,
          -0.25549296,
          0,
          -0.21865357,
          0.5172895,
          -0.8274068,
          0,
          0.13216376,
          0.8558104,
          0.5001212,
          0,
          10.998724,
          30.644974,
          28.849964,
          1
        ]
      },
      {
        "date" : 792785018.678814,
        "title" : "Untitled",
        "transform" : [
          0.95747,
          7.262837e-08,
          -0.2885328,
          0,
          -0.24880216,
          0.506396,
          -0.8256273,
          0,
          0.14611182,
          0.862301,
          0.48485905,
          0,
          11.574841,
          30.899143,
          28.358103,
          1
        ]
      }
    ],
    "C6A7F375-BFE9-46E0-9EA6-1A6B150F43FD" : [
      {
        "date" : 792781621.519441,
        "title" : "Untitled",
        "transform" : [
          0.97696877,
          3.057837e-08,
          -0.21338242,
          0,
          -0.051081054,
          0.97092414,
          -0.2338738,
          0,
          0.20717816,
          0.23938717,
          0.9485626,
          0,
          0.8310139,
          1.3216987,
          3.8048935,
          1
        ]
      },
      {
        "date" : 792781615.661128,
        "title" : "Untitled",
        "transform" : [
          0.9691037,
          3.0522028e-08,
          -0.2466537,
          0,
          -0.12339695,
          0.8658613,
          -0.48482716,
          0,
          0.21356788,
          0.5002841,
          0.8391094,
          0,
          1.6349268,
          4.626589,
          6.4238186,
          1
        ]
      },
      {
        "date" : 792781614.098271,
        "title" : "Untitled",
        "transform" : [
          0.9691037,
          3.0522028e-08,
          -0.2466537,
          0,
          -0.12339695,
          0.8658613,
          -0.48482716,
          0,
          0.21356788,
          0.5002841,
          0.8391094,
          0,
          2.6631951,
          7.5364285,
          10.464005,
          1
        ]
      },
      {
        "date" : 792781612.382915,
        "title" : "Untitled",
        "transform" : [
          0.9691037,
          3.0522028e-08,
          -0.2466537,
          0,
          -0.12339695,
          0.8658613,
          -0.48482716,
          0,
          0.21356788,
          0.5002841,
          0.8391094,
          0,
          4.4956374,
          12.721956,
          17.663887,
          1
        ]
      },
      {
        "date" : 792781609.489525,
        "title" : "Untitled",
        "transform" : [
          0.9691037,
          3.0522028e-08,
          -0.2466537,
          0,
          -0.12339695,
          0.8658613,
          -0.48482716,
          0,
          0.21356788,
          0.5002841,
          0.8391094,
          0,
          18.417904,
          49.085983,
          72.38819,
          1
        ]
      },
      {
        "date" : 792781607.983395,
        "title" : "Untitled",
        "transform" : [
          0.96910375,
          1.7490759e-08,
          -0.24665374,
          0,
          -0.16223508,
          0.7532414,
          -0.6374224,
          0,
          0.1857898,
          0.6577442,
          0.729969,
          0,
          3.0345194,
          13.389234,
          20.67005,
          1
        ]
      },
      {
        "date" : 792781605.300177,
        "title" : "Untitled",
        "transform" : [
          0.999399,
          -1.8783375e-09,
          -0.034661707,
          0,
          -0.022467948,
          0.76146406,
          -0.6478177,
          0,
          0.026393626,
          0.648207,
          0.7610066,
          0,
          -3.0756195,
          3.8104966,
          7.479824,
          1
        ]
      },
      {
        "date" : 792781596.566352,
        "title" : "Untitled",
        "transform" : [
          0.99981105,
          -5.778003e-09,
          -0.019435491,
          0,
          -0.008266509,
          0.9050378,
          -0.42525086,
          0,
          0.017589837,
          0.42533106,
          0.9048669,
          0,
          -3.2271008,
          0.9840175,
          7.8321686,
          1
        ]
      },
      {
        "date" : 792781592.38794,
        "title" : "Untitled",
        "transform" : [
          0.82083017,
          -5.7493206e-09,
          -0.5711723,
          0,
          -0.29303834,
          0.85836047,
          -0.42112464,
          0,
          0.49027172,
          0.51304704,
          0.7045682,
          0,
          1.6273489,
          1.7206758,
          2.286398,
          1
        ]
      },
      {
        "date" : 792781587.770154,
        "title" : "Untitled",
        "transform" : [
          0.9999946,
          -1.2624405e-09,
          -0.0032834557,
          0,
          -0.0021135025,
          0.76529336,
          -0.64367825,
          0,
          0.0025128105,
          0.64368165,
          0.7652892,
          0,
          0.03804212,
          2.147202,
          2.494931,
          1
        ]
      }
    ]
  },
  "sceneViewportBackgroundColors" : {

  },
  "selectedSceneRelativePath" : "Ground\/Ground.usda"
}